#usda 1.0
(
    defaultPrim = "AnimLabSimpleMale"
    endTimeCode = 172
    framesPerSecond = 30
    metersPerUnit = 0.01
    startTimeCode = 0
    timeCodesPerSecond = 30
    upAxis = "Y"
)

def SkelRoot "AnimLabSimpleMale" (
    kind = "assembly"
)
{
    def Xform "SkelGroup"
    {
        def Skeleton "Root" (
            prepend apiSchemas = ["SkelBindingAPI"]
            customData = {
                dictionary Maya = {
                    bool generated = 1
                }
            }
        )
        {
            uniform matrix4d[] bindTransforms = [( (1, 0, 0, 0), (0, 1, 0, 0), (0, 0, 1, 0), (0, 0, 0, 1) ), ( (-0.00033317630691565014, 0.9999982051045815, -0.001865149099726849, 0), (1.6653348587303801e-16, 0.0018651492032486494, 0.9999982606077117, 0), (0.9999999444967724, 0.0003331757273912217, -6.214235237500528e-7, 0), (4.7682304462615554e-7, 98.01000213623043, 1.4457516230873438e-17, 1) ), ( (-6.683761163262394e-7, 0.9988566636515086, -0.04780549632133955, 0), (-0.000007672863527632284, 0.047805496314820534, 0.9988566636225744, 0), (0.9999999999703403, 0.0000010344169866138213, 0.000007632138811699718, 0), (-0.002411723256181408, 105.2499999977547, -0.013503699731177264, 1) ), ( (-0.0000019970497106216136, 0.988309301632953, -0.1524622061423604, 0), (-0.000007813241685349517, 0.15246220612258984, 0.9883093016071363, 0), (0.9999999999674826, 0.0000031649268691218422, 0.0000074174248287209404, 0), (-0.0024231080223232446, 122.26399742688496, -0.8277973027153808, 1) ), ( (0.0000017358993455435997, 0.9986437614721093, -0.052063784628313396, -8.673617379884035e-19), (-0.000007800046061904655, 0.05206378464032981, 0.9986437614425298, -5.421010862427522e-20), (0.9999999999680732, -0.0000013274451337905425, 0.000007879844828401381, 1.6543612251060553e-24), (-0.0024533211450526063, 137.21600891963485, -3.1343795181048817, 0.9999999999999999) ), ( (0.000014079451276686211, 0.9843572104861223, 0.17618422734668884, -8.673617379884035e-19), (-0.000009620429605577579, -0.17618422722266666, 0.9843572105619993, 2.168404344971009e-19), (0.9999999998546087, -0.00001555417734189349, 0.000006989362007123825, 1.3234889800848443e-23), (-0.0024165013632642344, 160.24831288322147, -4.238693079852516, 0.9999999999999999) ), ( (3.4852081880247907e-7, 0.9942072367328605, 0.10748009317026441, -8.673617379884035e-19), (0.000006340822280808348, -0.10748009317030732, 0.9942072367126972, 1.0842021724855044e-19), (0.9999999999798365, 3.350102491897239e-7, -0.000006341550448691779, -4.1359030627651384e-25), (-0.0022855611127902183, 167.5526402714049, -2.6001628271519097, 0.9999999999999999) ), ( (0.987368102067955, -0.15784094265214685, -0.013801008709760785, 0), (-0.02796984175719207, -0.08790090603815613, -0.9957364704929461, 0), (0.15595486196589806, 0.9835444410601657, -0.09120533695373437, 0), (3.0558212032182244, 152.5070338467588, -7.309950903857076, 1) ), ( (0.8042382648384441, -0.5918875075817186, 0.053572303836505866, 0), (0.028952158876842316, -0.051015814872587065, -0.9982780970898125, 0), (0.593601369494731, 0.8044044784818069, -0.023892449275724634, 0), (17.936275276965752, 150.12804963301863, -7.51799324428252, 1) ), ( (0.7310413977000901, -0.5265763549831849, 0.43393065946222525, 8.673617379884035e-19), (0.3364748016781738, -0.27504788517820344, -0.9006294291741919, 4.336808689942018e-19), (0.5936018722042009, 0.8044041292979667, -0.023891715803744742, -8.673617379884035e-19), (41.78445931100469, 132.57703690754752, -5.929323761755861, 0.9999999999999999) ), ( (0.7310413977000898, -0.5265763549831857, 0.4339306594622254, 0), (0.33647480167817423, -0.2750478851782038, -0.900629429174193, 0), (0.593601872204201, 0.804404129297967, -0.023891715803744724, 0), (61.71845825498557, 118.2180349431758, 5.902946114386267, 1) ), ( (-0.9873679947453687, -0.15784144667118147, -0.01380292234485505, 2.168404344971009e-19), (0.027971818258712686, -0.0879009029665505, -0.9957364152429933, 1.0842021724855044e-19), (0.1559551869474408, -0.9835443604486859, 0.09120565055836875, 8.673617379884035e-19), (-3.060747362300279, 152.50702996107864, -7.309842355641625, 0.9999999999999999) ), ( (-0.804237546824348, -0.5918889574135836, 0.053567064226219444, 0), (-0.028947831047551588, -0.05101279375079826, -0.9982783769827841, 0), (0.5936025533600718, -0.8044036032773598, 0.02389250256467839, 0), (-17.94121955516619, 150.12802865345722, -7.517982210715017, 1) ), ( (-0.7310415180647472, -0.526577012489746, 0.4339296587961752, 0), (-0.3364730209154566, -0.2750485951280333, -0.9006298776490392, 0), (0.5936027333677112, -0.8044034561309831, 0.023892984386911786, 0), (-41.78960132675722, 132.57698568556867, -5.929375417221884, 1) ), ( (-0.7310415180647457, -0.5265770124897469, 0.433929658796175, 0), (-0.3364730209154565, -0.27504859512803276, -0.9006298776490385, 0), (0.5936027333677105, -0.8044034561309821, 0.023892984386911766, 0), (-61.72355965015412, 118.21798482930879, 5.903025773715508, 1) ), ( (0.02942924113232305, -0.9986706873734151, -0.04231758437679321, 0), (0.08241529743513026, -0.03976747756652718, 0.9958043314209253, 0), (-0.9961634597369325, -0.03279338209314764, 0.08113541505309659, 0), (8.737857341750622, 98.01000265144849, -0.000010788195438630348, 1) ), ( (0.023034844857798664, -0.9927066517235349, -0.11833384784678458, 0), (0.08442208420583873, -0.11601098431239293, 0.9896536582144345, 0), (-0.9961637955781771, -0.03278650854724441, 0.08113406951806422, 0), (10.023303761451867, 54.378730142226914, -1.848794569808932, 1) ), ( (0.19411081018611717, -0.4483278714959832, 0.87253831606914, 0), (-1.3814465006736405e-15, 0.8894561191903714, 0.45702058163151005, 0), (-0.9809796090484708, -0.08871263537222396, 0.17265304792104225, 0), (11.060412347850814, 9.6817637860827, -7.176798567030696, 1) ), ( (0.2171568338179113, -1.9051123481203525e-7, 0.9761367268606097, 0), (-1.3628269063259413e-7, 0.9999999999999649, 2.254868056057735e-7, 0), (-0.9761367268606186, -1.8199654019945832e-7, 0.21715683381787787, 0), (14.45081199877627, 1.8511300487719393, 8.06322644437112, 1) ), ( (-0.02942544495565022, -0.9986707925008741, -0.042317743262591696, 1.734723475976807e-18), (-0.08241231261952069, -0.03976804254737234, 0.9958045558846642, 5.421010862427522e-20), (-0.996163818815894, 0.03278949523287933, -0.08113257720859463, -5.421010862427522e-20), (-8.737860202785244, 98.01000162100883, 0.000019673500121834818, 0.9999999999999999) ), ( (-0.023037600383147644, -0.9927061110998363, -0.1183378466663382, 0), (-0.08441914410893027, -0.11601484387219194, 0.9896534565741824, 0), (-0.9961639810174345, 0.03278922058162298, -0.0811306966391118, 0), (-10.023495472347264, 54.378808187632345, -1.8486960277300477, 1) ), ( (-0.19408710635901627, -0.4483268473223571, 0.8725441152831067, 0), (6.139970428259456e-16, 0.8894577783297788, 0.457017352590308, 0), (-0.9809842991328581, 0.0887011755201117, -0.17263228642454564, 0), (-11.060787413110061, 9.681708603653867, -7.176932854829039, 1) ), ( (-0.21715342965286907, 0.0000017509192476415636, 0.9761374841624161, 0), (2.215195575028252e-7, 0.9999999999984543, -0.000001744442297973992, 0), (-0.9761374841639615, -1.6257808416186847e-7, -0.21715342965292073, 0), (-14.450789863884669, 1.8510539059661626, 8.063269056096503, 1) )]
            uniform token[] joints = ["Root", "Root/Hips", "Root/Hips/Spine", "Root/Hips/Spine/Spine1", "Root/Hips/Spine/Spine1/Spine2", "Root/Hips/Spine/Spine1/Spine2/Neck", "Root/Hips/Spine/Spine1/Spine2/Neck/Head", "Root/Hips/Spine/Spine1/Spine2/LeftShoulder", "Root/Hips/Spine/Spine1/Spine2/LeftShoulder/LeftArm", "Root/Hips/Spine/Spine1/Spine2/LeftShoulder/LeftArm/LeftForeArm", "Root/Hips/Spine/Spine1/Spine2/LeftShoulder/LeftArm/LeftForeArm/LeftHand", "Root/Hips/Spine/Spine1/Spine2/RightShoulder", "Root/Hips/Spine/Spine1/Spine2/RightShoulder/RightArm", "Root/Hips/Spine/Spine1/Spine2/RightShoulder/RightArm/RightForeArm", "Root/Hips/Spine/Spine1/Spine2/RightShoulder/RightArm/RightForeArm/RightHand", "Root/Hips/LeftUpLeg", "Root/Hips/LeftUpLeg/LeftLeg", "Root/Hips/LeftUpLeg/LeftLeg/LeftFoot", "Root/Hips/LeftUpLeg/LeftLeg/LeftFoot/LeftToe", "Root/Hips/RightUpLeg", "Root/Hips/RightUpLeg/RightLeg", "Root/Hips/RightUpLeg/RightLeg/RightFoot", "Root/Hips/RightUpLeg/RightLeg/RightFoot/RightToe"]
            uniform matrix4d[] restTransforms = [( (1, 0, 0, 0), (0, 1, 0, 0), (0, 0, 1, 0), (0, 0, 0, 1) ), ( (-0.00033317630691565014, 0.9999982051045815, -0.001865149099726849, 0), (1.6653348587303801e-16, 0.0018651492032486494, 0.9999982606077117, 0), (0.9999999444967724, 0.0003331757273912217, -6.214235237500528e-7, 0), (4.7682304462615554e-7, 98.01000213623043, 1.4457516230873438e-17, 1) ), ( (0.9989440354093718, -0.045942396458458726, 0.0003321561268525294, 0), (0.04594239645845873, 0.9989440906023598, 0.000007634054878799965, 0), (-0.0003321561268525294, 0.000007634054878799982, 0.9999999448070132, 0), (7.2400108565865935, -2.1649348980190553e-15, 7.008282842946301e-16, 0.9999999999999999) ), ( (0.9944678631210615, -0.10504127386345521, -0.000002138338501643867, 0), (0.10504127386345535, 0.9944678631233537, -1.1261841031244511e-7, 0), (0.000002138338501643873, -1.1261841031244342e-7, 0.9999999999977075, 0), (17.033472417285978, -1.7763568394002505e-15, -2.1250362580715887e-17, 1) ), ( (0.9949066779416934, 0.10080030836600341, 0.000004510354610190576, -8.673617379884035e-19), (-0.10080030836600343, 0.9949066779518908, -2.2790295935864255e-7, -5.421010862427522e-20), (-0.000004510354610190583, -2.2790295935864755e-7, 0.9999999999898026, 1.6543612251060553e-24), (15.128878649674888, -7.105427357601002e-15, 0, 0.9999999999999999) ), ( (0.9738493696690109, 0.2271946412104281, 0.000014161075460131088, -1.0365810017935916e-20), (-0.22719464121042807, 0.9738493697706075, -0.0000016299726350738661, 7.257297575681537e-20), (-0.000014161075460131093, -0.00000162997263507386, 0.9999999998984038, -7.906074405757223e-25), (23.058561409069995, 0.09633306392793539, -0.0000024561575349651803, 1) ), ( (0.9975913593707336, -0.06936482900228949, -0.000014364337576108832, 1.2951937127394103e-20), (0.06936482921607602, 0.9975913593470921, 0.000014961460997451355, -4.7733527936715293e-20), (0.000013291939864958288, -0.000015921804037388568, 0.9999999997849098, 1.332930863674338e-24), (7.478750520709383, 0.325991791441659, 0.00002877972799294158, 1) ), ( (-0.15690662596768265, -0.022007789611960628, 0.9873682028118151, -1.3728948193033983e-19), (-0.03593993084927897, -0.9989622499741909, -0.027977571321546768, -8.532672668225575e-20), (0.986959285937362, -0.039875811250667574, 0.1559528376757341, 8.538887915127168e-19), (15.487688008171517, -3.3738235407858346, 3.058221323414416, 1.0000000000000002) ), ( (0.8867639394728369, -0.02381086555184914, -0.46160888025717783, 0), (0.05041606718335401, 0.9976964580138843, 0.04538719903577432, 0), (0.45946483632632723, -0.06352023573807966, 0.8859216917038445, 0), (15.07085800170898, 0.00006626788866537225, -0.00018296597369271694, 0.9999999999999998) ), ( (0.9228520966465399, -0.3851545244630118, -8.696493671141086e-7, 8.673617379884037e-19), (0.38515452446344445, 0.9228520966466836, 3.953951043194876e-7, 4.336808689942019e-19), (6.502695283705102e-7, -6.998405897743914e-7, 0.999999999999543, -8.673617379884037e-19), (29.65295600891112, -0.00009831881465532932, 0.00024425928060622937, 1) ), ( (1.0000000000000002, -5.551115123125783e-17, -7.684824998577255e-16, -8.673617379884045e-19), (0, 1.0000000000000013, 4.85722573273506e-17, -4.336808689942024e-19), (1.214306433183765e-17, 2.7755575615628914e-17, 1.0000000000000004, 8.67361737988404e-19), (27.268074035644553, 0.00021100051414890686, -0.0002746082685973761, 1.0000000000000002) ), ( (-0.15691045761516018, -0.021994323860332822, -0.9873678939528707, 7.955162604903237e-20), (-0.035939833549269794, -0.9989626309867757, 0.02796408869300321, 2.3093461758152952e-20), (-0.9869586803182051, 0.03987369571416934, 0.15595721123001047, 1.3472841071217379e-20), (15.487667858583052, -3.373667632574321, -3.058347241048301, 1) ), ( (0.886763641185992, -0.02380708919172625, 0.46160964805209415, -5.90087590075459e-19), (0.0504132539740548, 0.9976964796759262, -0.04538984760948158, -7.973268386113593e-20), (-0.4594657206955794, 0.06352131096318546, 0.8859211559496752, -6.756703613675941e-19), (15.070879936218276, 0.0001349324758352921, 0.00018296601743372776, 1.0000000000000002) ), ( (0.9228504939380509, -0.3851583646220038, -6.054184931159057e-16, 0), (0.3851583646219487, 0.922850493937919, 5.349836178676626e-7, 0), (-2.0605341524747647e-7, -4.937098956429853e-7, 0.9999999999998577, 0), (29.653129577636683, -0.00018515015832215598, -0.000382316589139009, 1.0000000000000002) ), ( (0.9999999999999991, -1.1102230246251565e-16, 1.5543122344752192e-15, 0), (-5.551115123125783e-17, 0.9999999999999991, -3.3306690738754696e-16, 0), (-4.85722573273506e-17, -3.469446951953614e-18, 0.9999999999999987, 0), (27.2681007385254, 0.00004815194438734238, 0.0002891446715125312, 1) ), ( (-0.9985997713854463, -0.044180180606775615, 0.02909653296335753, 0), (-0.04165218856475049, 0.9957284270474529, 0.08240142448631414, 0), (-0.03261275481619926, 0.08107410937629815, -0.9961743808250338, 0), (-0.0029107115418867124, -0.000010787215711960396, 8.737856380126686, 0.9999999999999999) ), ( (0.997072534831556, -0.07646149514664717, 0.000006671928452214176, 0), (0.07646149513381938, 0.9970725348525282, 0.0000021573729108298467, 0), (-0.000006817352572574976, -0.0000016409116518761868, 0.9999999999754158, 0), (43.68933868408202, 0.00001920213463035836, 0.00030039838446782596, 1) ), ( (0.3462785562507601, 0.9319089332598112, -0.10787447145385833, 0), (-0.9370500099061146, 0.34910541060095607, 0.00791777898704426, 0), (0.0450382106198637, 0.09834201746810858, 0.9941329927049315, 0), (45.02534866333008, 0.000015284334123677468, 0.00004479691462044855, 1) ), ( (0.8938692702695417, 0.44611440521033074, -0.044493427959990534, 0), (-0.4483277012040331, 0.8894562222424514, -0.08871246275069612, 0), (-9.512068604999868e-7, 0.09924498061876846, 0.9950630300745146, 0), (17.466310339309153, -3.552713678800501e-15, 1.7763568394002505e-15, 1) ), ( (-0.9985802672294156, -0.044180339688376154, -0.029758149892917914, 1.7347234759768069e-18), (-0.0415978373088442, 0.9957286504570276, -0.08242617660824993, 5.4210108624275216e-20), (0.03327265891473963, -0.08107127878630739, -0.9961527884439704, -5.4210108624275216e-20), (0.002910696236924082, 0.000019672504933565538, -8.737860194812708, 0.9999999999999998) ), ( (0.9970722809479922, -0.07646480605588599, -5.3842171731516286e-8, -1.725499530482791e-18), (0.07646480605564479, 0.9970722809461895, -0.0000019066686268165434, -1.8669679416780072e-19), (1.9947758378392397e-7, 0.000001896969405584814, 0.9999999999981812, 5.420965975081157e-20), (43.68926239013672, 0.0001198147804615246, 0.00004960000957332511, 0.9999999999999999) ), ( (0.34627311057885973, 0.9319135363006105, 0.10785218472395924, 0), (-0.9370526215079429, 0.34909849742154403, -0.007913508900119635, 0), (-0.045025741694421764, -0.09832293708850703, 0.9941354448097885, 0), (45.02551269531252, -0.000013665779007965284, 0.000013377210446918752, 1) ), ( (0.8938689133263285, 0.44611332614481497, 0.04451141454524973, 0), (-0.4483284124186159, 0.8894569810880033, 0.08870125935982916, 0), (-0.000020174559127061897, -0.09924303013222575, 0.9950632244049427, 0), (17.466396992409596, -1.0658141036401503e-14, 7.105427357601002e-15, 0.9999999999999998) )]
            rel skel:animationSource = </AnimLabSimpleMale/SkelGroup/Root/Animation>

            def SkelAnimation "Animation"
            {
                uniform token[] joints = ["Root", "Root/Hips", "Root/Hips/Spine", "Root/Hips/Spine/Spine1", "Root/Hips/Spine/Spine1/Spine2", "Root/Hips/Spine/Spine1/Spine2/Neck", "Root/Hips/Spine/Spine1/Spine2/Neck/Head", "Root/Hips/Spine/Spine1/Spine2/LeftShoulder", "Root/Hips/Spine/Spine1/Spine2/LeftShoulder/LeftArm", "Root/Hips/Spine/Spine1/Spine2/LeftShoulder/LeftArm/LeftForeArm", "Root/Hips/Spine/Spine1/Spine2/LeftShoulder/LeftArm/LeftForeArm/LeftHand", "Root/Hips/Spine/Spine1/Spine2/RightShoulder", "Root/Hips/Spine/Spine1/Spine2/RightShoulder/RightArm", "Root/Hips/Spine/Spine1/Spine2/RightShoulder/RightArm/RightForeArm", "Root/Hips/Spine/Spine1/Spine2/RightShoulder/RightArm/RightForeArm/RightHand", "Root/Hips/LeftUpLeg", "Root/Hips/LeftUpLeg/LeftLeg", "Root/Hips/LeftUpLeg/LeftLeg/LeftFoot", "Root/Hips/LeftUpLeg/LeftLeg/LeftFoot/LeftToe", "Root/Hips/RightUpLeg", "Root/Hips/RightUpLeg/RightLeg", "Root/Hips/RightUpLeg/RightLeg/RightFoot", "Root/Hips/RightUpLeg/RightLeg/RightFoot/RightToe"]
                quatf[] rotations = [(1, 0, 0, 0), (0.43621913, 0.51012504, 0.61062914, 0.42025867), (0.99984497, -0.0012839696, 0.016294397, 0.0065496205), (0.9994344, -0.005034675, 0.032616843, 0.006455027), (0.9934627, -0.005104181, 0.03260277, 0.109283745), (0.9699719, 0.18981488, -0.0450153, 0.14525318), (0.97725827, 0.1920138, -0.089776255, 0.006104613), (0.13090838, 0.6073509, 0.0831921, 0.779145), (0.8709615, 0.13591903, 0.45274532, -0.13406633), (0.9709593, 0.003949019, -0.0071696755, -0.23910469), (0.9609941, -0.11022071, 0.2339473, 0.098032534), (-0.057920475, 0.7160207, 0.0404881, -0.6944929), (0.7642408, -0.15348887, -0.28555486, -0.5575263), (-0.56826395, -0.006445384, 0.04100421, 0.8217988), (0.91013366, 0.27775264, 0.20312335, -0.23076198), (-0.1626887, 0.24208005, 0.93431413, 0.20490669), (0.8935322, 0.0054718335, 0.03734413, -0.4474099), (0.78827846, -0.10115015, -0.03789305, 0.60576385), (0.97190386, -0.048347745, 0.01144467, 0.23007473), (0.09217048, 0.16010022, 0.9749203, -0.12410868), (0.8652937, -0.008746217, -0.041182242, -0.49949417), (0.6030721, 0.046793807, 0.06971693, 0.79325527), (0.9719039, 0.04834436, -0.01145473, 0.23007463)]
                quatf[] rotations.timeSamples = {
                    1: [(1, 0, 0, 0), (0.43621913, 0.51012504, 0.61062914, 0.42025867), (0.99984497, -0.0012839696, 0.016294397, 0.0065496205), (0.9994344, -0.005034675, 0.032616843, 0.006455027), (0.9934627, -0.005104181, 0.03260277, 0.109283745), (0.9699719, 0.18981488, -0.0450153, 0.14525318), (0.97725827, 0.1920138, -0.089776255, 0.006104613), (0.13090838, 0.6073509, 0.0831921, 0.779145), (0.8709615, 0.13591903, 0.45274532, -0.13406633), (0.9709593, 0.003949019, -0.0071696755, -0.23910469), (0.9609941, -0.11022071, 0.2339473, 0.098032534), (-0.057920475, 0.7160207, 0.0404881, -0.6944929), (0.7642408, -0.15348887, -0.28555486, -0.5575263), (-0.56826395, -0.006445384, 0.04100421, 0.8217988), (0.91013366, 0.27775264, 0.20312335, -0.23076198), (-0.1626887, 0.24208005, 0.93431413, 0.20490669), (0.8935322, 0.0054718335, 0.03734413, -0.4474099), (0.78827846, -0.10115015, -0.03789305, 0.60576385), (0.97190386, -0.048347745, 0.01144467, 0.23007473), (0.09217048, 0.16010022, 0.9749203, -0.12410868), (0.8652937, -0.008746217, -0.041182242, -0.49949417), (0.6030721, 0.046793807, 0.06971693, 0.79325527), (0.9719039, 0.04834436, -0.01145473, 0.23007463)],
                    2: [(1, 0, 0, 0), (0.43918443, 0.5044743, 0.60994107, 0.42496425), (0.99983793, -0.0010510241, 0.016525054, 0.007068236), (0.999413, -0.0046045715, 0.03311098, 0.0074925073), (0.9933346, -0.004675338, 0.033097684, 0.11031347), (0.96863425, 0.1924624, -0.052044716, 0.14831465), (0.9764568, 0.19489482, -0.092249155, 0.0061776596), (0.13266122, 0.60254914, 0.08339134, 0.782548), (0.8739394, 0.13350639, 0.44972557, -0.12709416), (0.9712795, 0.003925055, -0.0071266573, -0.23780224), (0.958916, -0.11584141, 0.24238123, 0.09117113), (-0.056903612, 0.7219555, 0.040184297, -0.6884239), (0.76039386, -0.15534972, -0.29235473, -0.5587453), (-0.57303935, -0.006417803, 0.040826637, 0.81848514), (0.9137386, 0.2703215, 0.20227891, -0.22603375), (-0.16270185, 0.23424229, 0.9369801, 0.20180897), (0.8954133, 0.0051306076, 0.037106145, -0.4436574), (0.7893268, -0.09512217, -0.053048193, 0.60423577), (0.97190386, -0.048347745, 0.01144467, 0.23007473), (0.098380595, 0.16149002, 0.9743352, -0.122119434), (0.8651327, -0.008590268, -0.041303907, -0.49976555), (0.60584134, 0.041229818, 0.0763517, 0.7908393), (0.9719039, 0.04834436, -0.01145473, 0.23007463)],
                    3: [(1, 0, 0, 0), (0.4420098, 0.49914655, 0.6090125, 0.42963225), (0.9998376, -0.0008356972, 0.016331403, 0.007580512), (0.99941844, -0.004146647, 0.03275776, 0.008516521), (0.99323463, -0.0042164195, 0.032745253, 0.11133246), (0.9673409, 0.19503088, -0.058347035, 0.15103024), (0.9755677, 0.19777009, -0.09551554, 0.005602233), (0.13566153, 0.59577614, 0.08410382, 0.78712976), (0.87863845, 0.13170241, 0.4434577, -0.11829736), (0.97220105, 0.0038565916, -0.0070027136, -0.23401108), (0.9563938, -0.12489796, 0.24965411, 0.085931435), (-0.056713395, 0.72391176, 0.040228687, -0.6863796), (0.7592922, -0.15757903, -0.29652902, -0.5574179), (-0.57782924, -0.0063890433, 0.040646065, 0.81511986), (0.91685665, 0.26449516, 0.19760036, -0.22443335), (-0.1633829, 0.22704437, 0.93946654, 0.19788767), (0.8965558, 0.0048376573, 0.03699665, -0.44135657), (0.7902641, -0.082718976, -0.07126295, 0.6029608), (0.97190386, -0.048347745, 0.01144467, 0.23007473), (0.10479973, 0.16286236, 0.97362816, -0.12058648), (0.8652311, -0.008419639, -0.04138545, -0.49959138), (0.6087306, 0.03531435, 0.083281815, 0.78820306), (0.9719039, 0.04834436, -0.01145473, 0.23007463)],
                    4: [(1, 0, 0, 0), (0.4441166, 0.49461907, 0.6077441, 0.4344647), (0.99984175, -0.00067270274, 0.015846059, 0.008055246), (0.9994419, -0.0037484027, 0.03181457, 0.009464862), (0.9931604, -0.003816135, 0.03180294, 0.11227832), (0.9665868, 0.19788876, -0.059437808, 0.15171394), (0.97454953, 0.20066509, -0.09974522, 0.006134622), (0.13703428, 0.5892122, 0.08343677, 0.7918894), (0.8837184, 0.12960576, 0.4349101, -0.11444399), (0.97386175, 0.0037295846, -0.0067727733, -0.22701003), (0.9553302, -0.12803397, 0.25184852, 0.08674011), (-0.059080295, 0.7224638, 0.042691126, -0.68755585), (0.76269674, -0.15997456, -0.29562327, -0.5525475), (-0.58142024, -0.006367337, 0.04050952, 0.8125693), (0.9183087, 0.26246193, 0.19187804, -0.2258446), (-0.16479132, 0.2215555, 0.94153976, 0.19302803), (0.89669573, 0.0050918106, 0.036841165, -0.4410822), (0.78962, -0.063342996, -0.07430938, 0.6057772), (0.97190386, -0.048347745, 0.01144467, 0.23007473), (0.112134054, 0.16546519, 0.9722649, -0.1214423), (0.8653116, -0.00824432, -0.041473716, -0.49944744), (0.61147004, 0.02855964, 0.09126024, 0.7854682), (0.9719039, 0.04834436, -0.01145473, 0.23007463)],
                    5: [(1, 0, 0, 0), (0.4470161, 0.48756808, 0.604672, 0.4436505), (0.99986285, -0.000038347924, 0.014082454, 0.008718628), (0.9995361, -0.0022176246, 0.028395485, 0.010788395), (0.9931178, -0.0022780984, 0.028387072, 0.11360458), (0.9659682, 0.2031668, -0.054969244, 0.15035635), (0.9728534, 0.20552954, -0.10588632, 0.010092796), (0.13590832, 0.58090687, 0.080149636, 0.7985313), (0.89148146, 0.12401884, 0.42009097, -0.11577436), (0.9760884, 0.0035528874, -0.0064528817, -0.2172491), (0.9548558, -0.119632445, 0.24986616, 0.10726332), (-0.06398172, 0.7082925, 0.04599176, -0.70150757), (0.7726959, -0.1698354, -0.28218895, -0.54264754), (-0.58667004, -0.0063342247, 0.04030794, 0.8087975), (0.9187628, 0.26271746, 0.19139323, -0.22410506), (-0.16674697, 0.21276662, 0.9444476, 0.18693475), (0.8971951, 0.005880645, 0.03636263, -0.44009563), (0.7923649, -0.053288758, -0.051093675, 0.6055639), (0.97190386, -0.048347745, 0.01144467, 0.23007473), (0.12519814, 0.17267305, 0.9690424, -0.12436334), (0.8651513, -0.007948715, -0.041676484, -0.49971303), (0.6156463, 0.01600216, 0.10562874, 0.7807472), (0.9719039, 0.04834436, -0.01145473, 0.23007463)],
                    6: [(1, 0, 0, 0), (0.45526385, 0.47605285, 0.59712815, 0.45776245), (0.9998762, 0.0030568687, 0.012270704, 0.009365253), (0.9995992, 0.004225144, 0.025251228, 0.012078719), (0.99304783, 0.004171326, 0.025256598, 0.11489454), (0.96521896, 0.2088727, -0.051572125, 0.14854264), (0.971157, 0.21059796, -0.1107906, 0.015098841), (0.13125579, 0.5738542, 0.074418016, 0.804938), (0.9007511, 0.10394263, 0.4059434, -0.114251286), (0.97917384, 0.0032937182, -0.0059803263, -0.20290893), (0.9570548, -0.0737949, 0.2567068, 0.11270331), (0.06784085, -0.69863516, -0.048591, 0.71059513), (0.77779037, -0.17663589, -0.27585807, -0.53641796), (-0.6029369, -0.0062330086, 0.039665125, 0.79677784), (0.918657, 0.26589522, 0.18939354, -0.2224839), (-0.17575383, 0.19564052, 0.94567376, 0.19114523), (0.8987757, 0.006622517, 0.035690036, -0.43690348), (0.7934881, -0.09527619, -0.00019925104, 0.6010816), (0.97190386, -0.048347745, 0.01144467, 0.23007473), (0.14038227, 0.18307061, 0.96475977, -0.12655674), (0.86436576, -0.007554475, -0.0420494, -0.50104547), (0.61896086, -0.003640665, 0.12540911, 0.7753365), (0.9719039, 0.04834436, -0.01145473, 0.23007463)],
                    7: [(1, 0, 0, 0), (0.46266153, 0.4667636, 0.59173274, 0.466828), (0.9998664, 0.006019732, 0.011343067, 0.010113645), (0.9995706, 0.010270741, 0.023849709, 0.01357463), (0.9928654, 0.010219915, 0.023867903, 0.116379656), (0.964091, 0.21352988, -0.05142944, 0.14929351), (0.96986514, 0.21520023, -0.1130167, 0.016664691), (0.12908052, 0.56875306, 0.07137649, 0.8091746), (0.9080389, 0.08405661, 0.39575085, -0.10854051), (0.9789757, 0.00331115, -0.0060103075, -0.20386146), (0.9604162, -0.0533194, 0.25024593, 0.1101576), (0.06978904, -0.6985934, -0.050654158, 0.7103034), (0.77878493, -0.1744599, -0.28013805, -0.53346086), (-0.62379396, -0.0060967067, 0.038801566, 0.78060126), (0.9208073, 0.26608136, 0.18037505, -0.2208607), (-0.18479958, 0.17646019, 0.94666237, 0.19631934), (0.9037252, 0.0068472526, 0.034535445, -0.42666286), (0.79308915, -0.13008723, 0.035488125, 0.5939929), (0.97190386, -0.048347745, 0.01144467, 0.23007473), (0.15104412, 0.18562515, 0.9629507, -0.12431774), (0.86425877, -0.007287052, -0.042222295, -0.50121945), (0.61977595, -0.016387347, 0.13822211, 0.7723366), (0.9719039, 0.04834436, -0.01145473, 0.23007463)],
                    8: [(1, 0, 0, 0), (0.46852675, 0.45982486, 0.5892144, 0.47103095), (0.99984354, 0.008726922, 0.0110792015, 0.010676197), (0.9994869, 0.01570531, 0.02373141, 0.014700352), (0.99266624, 0.015654793, 0.02376135, 0.11749056), (0.96254694, 0.21768945, -0.054993402, 0.15195523), (0.96877843, 0.2194424, -0.114018075, 0.017698953), (0.12710053, 0.5598893, 0.06759999, 0.8159655), (0.9169382, 0.06780104, 0.3802716, -0.100104615), (0.9746956, 0.003664341, -0.006646501, -0.22340727), (0.9630361, -0.05795989, 0.23584145, 0.11653703), (0.06898958, -0.6991251, -0.04989886, 0.7099117), (0.7772707, -0.17258522, -0.2851926, -0.5336008), (-0.6494971, -0.0059199426, 0.037672732, 0.75940716), (0.9214312, 0.26623842, 0.17742404, -0.22045957), (-0.19253223, 0.15597692, 0.9479041, 0.20020089), (0.91176254, 0.006608708, 0.032871667, -0.40934688), (0.7935273, -0.14838421, 0.051228818, 0.5879389), (0.97190386, -0.048347745, 0.01144467, 0.23007473), (0.15787284, 0.1857622, 0.96226853, -0.12086271), (0.8644835, -0.0071129785, -0.042277873, -0.50082964), (0.6196039, -0.021765891, 0.14518803, 0.77106273), (0.9719039, 0.04834436, -0.01145473, 0.23007463)],
                    9: [(1, 0, 0, 0), (0.47116533, 0.4566171, 0.5896831, 0.47093296), (0.99982363, 0.011115519, 0.010694191, 0.010712001), (0.99940807, 0.020523285, 0.023324225, 0.0147729935), (0.99258035, 0.020473689, 0.023364516, 0.1175548), (0.96091115, 0.22160228, -0.057642333, 0.15562633), (0.96783996, 0.2234957, -0.11386511, 0.019241896), (0.12421272, 0.5492657, 0.06280935, 0.82397413), (0.92944545, 0.047976896, 0.35771, -0.07663515), (0.9566628, 0.0048864586, -0.008851619, -0.29102248), (0.96291566, -0.09131847, 0.21977045, 0.12710352), (0.065855905, -0.6964089, -0.046170373, 0.71312404), (0.77582604, -0.17466167, -0.28789368, -0.5335771), (-0.6796548, -0.0056969146, 0.036250677, 0.7326137), (0.9172929, 0.27695397, 0.18826188, -0.21547091), (-0.20028703, 0.13361703, 0.9508429, 0.19475454), (0.92442375, 0.005748326, 0.030272719, -0.38012004), (0.80003834, -0.15583931, 0.04955393, 0.5772323), (0.97190386, -0.048347745, 0.01144467, 0.23007473), (0.16371684, 0.17903267, 0.96278167, -0.1191452), (0.8666181, -0.0069701215, -0.04195569, -0.49715608), (0.61900103, -0.020687161, 0.1475437, 0.7711294), (0.9719039, 0.04834436, -0.01145473, 0.23007463)],
                    10: [(1, 0, 0, 0), (0.46242803, 0.46540046, 0.60030293, 0.45738292), (0.9998431, 0.012462347, 0.008222455, 0.009532834), (0.9994717, 0.023581196, 0.018602466, 0.012413627), (0.9928865, 0.02354169, 0.01864917, 0.11521463), (0.95972276, 0.22462812, -0.055440906, 0.15937594), (0.9682042, 0.22603737, -0.10515823, 0.020722626), (0.12045927, 0.5465899, 0.059379883, 0.826561), (0.9420656, 0.014269285, 0.3349859, -0.009654915), (0.8988117, 0.007549459, -0.013664075, -0.43805686), (0.96222067, -0.14851731, 0.20258573, 0.10503815), (0.06456409, -0.6739947, -0.04142964, 0.7347423), (0.78386676, -0.1784784, -0.28722614, -0.52076817), (0.7073219, 0.0054746186, -0.034842286, -0.7060112), (0.9058783, 0.30295026, 0.21601115, -0.20234837), (-0.20828092, 0.113055065, 0.9554804, 0.17576934), (0.9419425, 0.0037073817, 0.026488487, -0.33470714), (0.8215962, -0.15489075, 0.015375705, 0.54840875), (0.97190386, -0.048347745, 0.01144467, 0.23007473), (0.16842909, 0.16284329, 0.96378636, -0.12739515), (0.8712832, -0.0069543407, -0.04107236, -0.48900956), (0.6176742, -0.008004607, 0.13891278, 0.774027), (0.9719039, 0.04834436, -0.01145473, 0.23007463)],
                    11: [(1, 0, 0, 0), (0.42894134, 0.49960542, 0.62731826, 0.41578305), (0.99989104, 0.011830685, 0.004796062, 0.0074103135), (0.99963754, 0.022840928, 0.011679323, 0.008165971), (0.99348855, 0.022816142, 0.011724404, 0.11100643), (0.9656029, 0.2117673, -0.03041505, 0.1477859), (0.97372663, 0.21267414, -0.08069113, 0.010728279), (0.10236799, 0.5766311, 0.051860098, 0.80890536), (0.9322905, -0.025650293, 0.35953146, 0.030225933), (0.7776847, 0.01101223, -0.01992877, -0.6282421), (0.94812804, -0.21024545, 0.21628189, 0.100360274), (0.05996044, -0.6576536, -0.03473473, 0.7501266), (0.81191635, -0.14991881, -0.3083375, -0.47248724), (-0.67594355, -0.005719505, 0.036427014, 0.73603034), (0.89748335, 0.33046275, 0.2150336, -0.19768296), (-0.20971036, 0.13257824, 0.9596973, 0.13200626), (0.94903475, 0.0025933336, 0.024833778, -0.31418088), (0.8418183, -0.12398182, -0.021696486, 0.5248807), (0.97190386, -0.048347745, 0.01144467, 0.23007473), (0.16666882, 0.13515161, 0.96308917, -0.16252622), (0.8779967, -0.0071785473, -0.039637756, -0.47696874), (0.61517334, 0.02068893, 0.11621122, 0.7795054), (0.9719039, 0.04834436, -0.01145473, 0.23007463)],
                    12: [(1, 0, 0, 0), (0.39461324, 0.5300465, 0.6491399, 0.3767605), (0.9998954, 0.013076258, 0.003931416, 0.004766664), (0.9996203, 0.025455385, 0.010144381, 0.0028799658), (0.9940155, 0.025433697, 0.010194924, 0.10574687), (0.9718384, 0.18786772, -0.017801449, 0.1411346), (0.9802064, 0.18894103, -0.059126932, 0.0008910212), (0.09270719, 0.5993511, 0.04839739, 0.7936254), (0.91782427, -0.03816026, 0.3921402, 0.048667282), (-0.6693724, -0.013106647, 0.023716787, 0.7424327), (0.93426955, -0.2575778, 0.23253788, 0.08197725), (0.057436515, -0.6743998, -0.03445535, 0.73532224), (0.822581, -0.108503826, -0.36372578, -0.42342767), (-0.6305537, -0.0060426174, 0.038506914, 0.7751662), (0.89529246, 0.31959593, 0.2242651, -0.21451105), (-0.2036665, 0.16318455, 0.9602532, 0.09901844), (0.9474999, 0.0023914597, 0.025360795, -0.31873992), (0.8494823, -0.10067704, -0.041881938, 0.5162266), (0.97190386, -0.048347745, 0.01144467, 0.23007473), (0.16768128, 0.11097052, 0.9588824, -0.20028253), (0.8848059, -0.0071693314, -0.038278256, -0.46432945), (0.6131799, 0.042511374, 0.10224151, 0.78214437), (0.9719039, 0.04834436, -0.01145473, 0.23007463)],
                    13: [(1, 0, 0, 0), (0.33842996, 0.56829184, 0.67874014, 0.31909454), (0.99981433, 0.019190282, 0.001377887, 0.0010866738), (0.9992488, 0.038027186, 0.0059779924, -0.004470875), (0.99440247, 0.038014304, 0.006055241, 0.09839682), (0.98105156, 0.1380082, 0.0028621454, 0.13595356), (0.9899214, 0.1384925, -0.027874999, -0.009921343), (0.08420977, 0.63348925, 0.047182426, 0.7677069), (0.8928064, -0.040780682, 0.44535428, 0.053788323), (-0.5559538, -0.01473971, 0.02666453, 0.8306546), (0.8993644, -0.3525085, 0.25597116, 0.03688122), (-0.057324983, 0.7064752, 0.038525555, -0.70435953), (0.82384956, -0.04133379, -0.42583653, -0.37178844), (-0.5584836, -0.006501849, 0.04137001, 0.82845783), (0.883055, 0.29748473, 0.25536278, -0.2578888), (-0.18150494, 0.2040518, 0.9602341, 0.058045402), (0.945152, 0.0021915731, 0.026106967, -0.32557848), (0.8570012, -0.07684387, -0.057520617, 0.50629574), (0.97190386, -0.048347745, 0.01144467, 0.23007473), (0.16851656, 0.07597685, 0.9484098, -0.257582), (0.895172, -0.007008564, -0.036217142, -0.44419172), (0.61248183, 0.07119884, 0.0848458, 0.78268635), (0.9719039, 0.04834436, -0.01145473, 0.23007463)],
                    14: [(1, 0, 0, 0), (0.2708608, 0.6027497, 0.70680976, 0.25248215), (0.99956936, 0.029151626, -0.0028926597, -0.0016966234), (0.9982357, 0.058516577, -0.0010309268, -0.010009614), (0.99396485, 0.058518663, -0.00090989977, 0.09278291), (0.9879073, 0.07319974, 0.028379247, 0.13369988), (0.997203, 0.072439335, 0.00749124, -0.016811894), (0.07754414, 0.66973746, 0.047157224, 0.7370311), (0.8674183, -0.045866325, 0.49207672, 0.05781221), (-0.44928285, -0.015898455, 0.028754255, 0.8927852), (0.8221945, -0.48571, 0.2960694, -0.020613244), (-0.05727362, 0.7221789, 0.04061916, -0.68813336), (0.8217641, 0.04312829, -0.46314985, -0.32914418), (-0.5099379, -0.0067318496, 0.043007188, 0.85910904), (0.8597704, 0.28503588, 0.2803179, -0.3177597), (-0.1554644, 0.24189967, 0.9575835, 0.018687233), (0.94463706, 0.0017598564, 0.026372673, -0.32705075), (0.86458784, -0.052582745, -0.07606865, 0.49389926), (0.97190386, -0.048347745, 0.01144467, 0.23007473), (0.16962989, 0.034670576, 0.93296736, -0.31558755), (0.9063335, -0.0068610874, -0.033862118, -0.4211482), (0.6106849, 0.103367396, 0.06268026, 0.78259206), (0.9719039, 0.04834436, -0.01145473, 0.23007463)],
                    15: [(1, 0, 0, 0), (0.23926064, 0.612846, 0.71988195, 0.22123297), (0.99919474, 0.039828584, -0.0042926446, -0.0022548556), (0.9967326, 0.07997768, -0.0022090818, -0.011082836), (0.99258006, 0.07998269, -0.0020421261, 0.09156088), (0.9898462, 0.02952425, 0.029204048, 0.13594069), (0.99914706, 0.02839189, 0.023369515, -0.018787568), (0.07685617, 0.6754382, 0.047457952, 0.73186344), (0.86361456, -0.062579826, 0.4933924, 0.08256867), (-0.4229877, -0.016136458, 0.029185062, 0.9055216), (0.7330603, -0.5850963, 0.34026322, -0.06712571), (-0.05374399, 0.72299874, 0.036760755, -0.687774), (0.8201773, 0.12042853, -0.42488393, -0.36370286), (-0.5642495, -0.0064496775, 0.04115002, 0.82455295), (0.8390836, 0.27757367, 0.26396957, -0.38627923), (-0.14213297, 0.24726638, 0.95837826, 0.012986749), (0.946362, 0.0013440032, 0.02597965, -0.3220593), (0.86473036, -0.036448963, -0.09170893, 0.4924453), (0.97190386, -0.048347745, 0.01144467, 0.23007473), (0.16662532, 0.009350428, 0.92931986, -0.32941335), (0.91208977, -0.006899367, -0.032548316, -0.40863827), (0.60932475, 0.11801513, 0.046559494, 0.78270555), (0.9719039, 0.04834436, -0.01145473, 0.23007463)],
                    16: [(1, 0, 0, 0), (0.21690613, 0.61793315, 0.72915983, 0.19858566), (0.99885726, 0.04737125, -0.005378816, -0.0033465629), (0.99537086, 0.09513945, -0.0032337147, -0.013225293), (0.9914461, 0.095146395, -0.003034519, 0.08928986), (0.9886976, -0.0015761171, 0.037713546, 0.14509384), (0.9992548, -0.0032500061, 0.035765, -0.014146283), (0.06637954, 0.6856707, 0.03841848, 0.72386014), (0.85560215, -0.05080024, 0.50312907, 0.11056896), (-0.41596287, -0.016196644, 0.029295843, 0.90876526), (0.67663723, -0.632, 0.36378086, -0.10198792), (-0.069813415, 0.7064651, 0.052063283, -0.7023692), (0.8245803, 0.1901875, -0.3598443, -0.39294797), (-0.6965921, -0.0055497615, 0.035397585, 0.71657217), (0.83856153, 0.250184, 0.2433859, -0.41831306), (-0.13211715, 0.24693668, 0.95986915, 0.014785496), (0.94773585, 0.00117357, 0.025600668, -0.3180251), (0.8613068, -0.018489234, -0.103162944, 0.49715805), (0.97190386, -0.048347745, 0.01144467, 0.23007473), (0.16330294, -0.010703215, 0.93065053, -0.32727227), (0.9163035, -0.007143896, -0.031474326, -0.39918184), (0.60988253, 0.12410782, 0.02717303, 0.78224176), (0.9719039, 0.04834436, -0.01145473, 0.23007463)],
                    17: [(1, 0, 0, 0), (0.18675788, 0.62212014, 0.7410175, 0.17023812), (0.9985483, 0.053434215, -0.005702452, -0.0036761165), (0.9941333, 0.10723098, -0.0029629183, -0.013847023), (0.9902791, 0.107237495, -0.0027379855, 0.08854364), (0.9857894, -0.033576377, 0.041495472, 0.1592795), (0.9982409, -0.03550303, 0.047063675, -0.0063013155), (0.06701997, 0.68613034, 0.039138634, 0.7233268), (0.85085326, 0.00097057776, 0.5037941, 0.14912851), (-0.43063402, -0.016067011, 0.02906718, 0.9019154), (-0.6294451, 0.6599142, -0.3941953, 0.113676004), (-0.075623766, 0.70442957, 0.058017645, -0.7033449), (0.82000774, 0.21100312, -0.24795221, -0.47072786), (0.8840965, 0.003504999, -0.02231067, -0.46675837), (0.8140219, 0.3079685, 0.28815407, -0.3993633), (-0.11511564, 0.24863003, 0.96162444, 0.014487665), (0.94640446, 0.0014986916, 0.025856541, -0.32194376), (0.8527484, 0.008099412, -0.10666493, 0.51125056), (0.97190386, -0.048347745, 0.01144467, 0.23007473), (0.15619116, -0.03305334, 0.9385632, -0.30595893), (0.9179586, -0.007604146, -0.030891258, -0.39539835), (0.603453, 0.12330446, 0.009440249, 0.78775084), (0.9719039, 0.04834436, -0.01145473, 0.23007463)],
                    18: [(1, 0, 0, 0), (0.16156438, 0.62235934, 0.7514976, 0.14770631), (0.99836195, 0.0568685, -0.005293106, -0.0033727977), (0.99339294, 0.113987066, -0.0016294332, -0.013218871), (0.98947805, 0.113990635, -0.0013900665, 0.08909233), (0.9831695, -0.057414956, 0.04336703, 0.16793016), (0.9970762, -0.059273597, 0.048223954, 0.00026915374), (0.070083074, 0.68124694, 0.04154092, 0.7275062), (0.8454953, 0.05654629, 0.5129305, 0.13726802), (-0.4679484, -0.015715893, 0.028434385, 0.8831584), (-0.59043276, 0.68068004, -0.42004544, 0.10782247), (-0.06829308, 0.7183922, 0.05242681, -0.6902899), (0.7970213, 0.20102665, -0.21713978, -0.52649367), (0.9655808, 0.001822068, -0.011594195, -0.2598383), (0.8000816, 0.34057033, 0.3026954, -0.39020097), (-0.09832664, 0.25134817, 0.9627289, 0.017577538), (0.94105685, 0.002183652, 0.027133035, -0.33715138), (0.8369105, 0.031495757, -0.106753804, 0.5359034), (0.97190386, -0.048347745, 0.01144467, 0.23007473), (0.15334293, -0.053812876, 0.94751614, -0.27532405), (0.918461, -0.0077321213, -0.030718744, -0.39424098), (0.5971254, 0.12004735, 0.008238546, 0.7930712), (0.9719039, 0.04834436, -0.01145473, 0.23007463)],
